{
	"name": "Anim Man 1",
	"total_frames": 1300,
	"animations": [],
	"cameras": [
		{
			"name": "Camera1",
			"stereo": 0,
			"fov": 90,
			"trajectory":  [
				{
					"file_path": "images/000000.jpg",
					"transform_matrix": [
						[ -0.29306331002305552, -0.95552898784444407, -0.032836712796845295, 117.19090054444602 ],
						[ 0.94958682665961891, -0.29489719121919777, 0.1063978629745107, 218.84849244373189 ],
						[ -0.11134969668950723, -6.9388939039072284e-18, 0.99378128632368334, -22.858774573689423 ],
						[ 0, 0, 0, 1 ]
					]
				},
				{
					"file_path": "images/000001.jpg",
					"transform_matrix": [
						[ -0.20445441134228615, -0.97743781575182176, -0.053044415549487647, 136.55123307010959 ],
						[ 0.94611436037416863, -0.21122338018862274, 0.24546344077167576, 153.29339169997607 ],
						[ -0.2511294701472862, 0, 0.96795350571375238, -13.879058370318065 ],
						[ 0, 0, 0, 1 ]
					]
				},
				{
					"file_path": "images/000002.jpg",
					"transform_matrix": [
						[ -0.18311949597840282, -0.98172968774042713, -0.051711414617074777, 156.3601342379304 ],
						[ 0.94478135920773143, -0.19028089817184313, 0.26679835660008866, 72.299920589376981 ],
						[ -0.27176356173373778, 2.7755575615628914e-17, 0.96236405092552835, 3.6419713220546042 ],
						[ 0, 0, 0, 1 ]
					]
				},
				{
					"file_path": "images/000003.jpg",
					"transform_matrix": [
						[ -0.18311949597840282, -0.98172968774042713, -0.051711414617074777, 160.63251733047775 ],
						[ 0.94478135920773143, -0.19028089817184313, 0.26679835660008866, 54.102902866563738 ],
						[ -0.27176356173373778, 2.7755575615628914e-17, 0.96236405092552835, 7.8349721330494182 ],
						[ 0, 0, 0, 1 ]
					]
				},
				{
					"file_path": "images/000004.jpg",
					"transform_matrix": [
						[ -0.18311949597840282, -0.98172968774042713, -0.051711414617074777, 160.63251733047775 ],
						[ 0.94478135920773143, -0.19028089817184313, 0.26679835660008866, 54.102902866563738 ],
						[ -0.27176356173373778, 2.7755575615628914e-17, 0.96236405092552835, 7.8349721330494182 ],
						[ 0, 0, 0, 1 ]
					]
				},
				{
					"file_path": "images/000005.jpg",
					"transform_matrix": [
						[ -0.26261455848141146, -0.9629014880005482, -0.062083154558570566, 160.63251733047775 ],
						[ 0.93707242600351015, -0.26985315341186955, 0.2215277499943647, 54.102902866563738 ],
						[ -0.23006273513437397, 1.3877787807814457e-17, 0.97317580010113836, 7.8349721330494182 ],
						[ 0, 0, 0, 1 ]
					]
				},
				{
					"file_path": "images/000006.jpg",
					"transform_matrix": [
						[ -0.36364096403916757, -0.92953616865723865, -0.061055388219931415, 160.63251733047775 ],
						[ 0.91670479892170598, -0.36873094684067653, 0.15391491310426308, 54.102902866563738 ],
						[ -0.16558248973420889, 0, 0.98619594355960549, 7.8349721330494182 ],
						[ 0, 0, 0, 1 ]
					]
				},
				{
					"file_path": "images/000007.jpg",
					"transform_matrix": [
						[ -0.49224124457551977, -0.86937022679660569, -0.04351971850048178, 160.63251733047775 ],
						[ 0.86599227087111164, -0.4941613185586442, 0.076563555507022665, 54.102902866563738 ],
						[ -0.088067837092993928, 0, 0.99611447939971332, 7.8349721330494182 ],
						[ 0, 0, 0, 1 ]
					]
				},
				{
					"file_path": "images/000008.jpg",
					"transform_matrix": [
						[ -0.65370481137690351, -0.75663098579765609, -0.013400407216004592, 160.63251733047775 ],
						[ 0.75647206164321679, -0.6538421455755723, 0.015507050731656574, 54.102902866563738 ],
						[ -0.020494866087606395, 2.6020852139652106e-18, 0.99978995817324101, 7.8349721330494182 ],
						[ 0, 0, 0, 1 ]
					]
				},
				{
					"file_path": "images/000009.jpg",
					"transform_matrix": [
						[ -0.65601204083740416, -0.75463061264878251, -0.013447703509030722, 160.63251733047775 ],
						[ 0.75447210865637349, -0.65614985975257412, 0.015466053351845166, 54.102902866563738 ],
						[ -0.020494866087606384, 0, 0.99978995817324101, 7.8349721330494182 ],
						[ 0, 0, 0, 1 ]
					]
				},
				{
					"file_path": "images/000010.jpg",
					"transform_matrix": [
						[ -0.72027957151349176, -0.69363584480219964, -0.0081641696380589258, 160.63251733047775 ],
						[ 0.69359129133238018, -0.7203258393293539, 0.0078616653669898399, 54.102902866563738 ],
						[ -0.01133399524534622, 0, 0.99993576821302799, 7.8349721330494182 ],
						[ 0, 0, 0, 1 ]
					]
				},
				{
					"file_path": "images/000011.jpg",
					"transform_matrix": [
						[ -0.80675858396089861, -0.59087859685203381, -0.001752423344328569, 160.63251733047775 ],
						[ 0.59087720286865286, -0.80676048724647642, 0.001283490531770755, 54.102902866563738 ],
						[ -0.0021721729956181899, -1.0842021724855044e-19, 0.99999764082945575, 7.8349721330494182 ],
						[ 0, 0, 0, 1 ]
					]
				},
				{
					"file_path": "images/000012.jpg",
					"transform_matrix": [
						[ -0.85427827413652468, -0.51981541225089445, 0.00075334238858522405, 160.63251733047775 ],
						[ 0.51981521013289589, -0.85427860630267083, -0.00045839727390967623, 54.102902866563738 ],
						[ 0.00088184625370135434, 2.7105054312137611e-20, 0.99999961117351688, 7.8349721330494182 ],
						[ 0, 0, 0, 1 ]
					]
				},
				{
					"file_path": "images/000013.jpg",
					"transform_matrix": [
						[ -0.90613438006185687, -0.4229425105327142, 0.0063338814482143038, 160.63251733047775 ],
						[ 0.42293217839770075, -0.90615651671457176, -0.0029562969219015752, 54.102902866563738 ],
						[ 0.0069898315924261049, 0, 0.99997557082876254, 7.8349721330494182 ],
						[ 0, 0, 0, 1 ]
					]
				},
				{
					"file_path": "images/000014.jpg",
					"transform_matrix": [
						[ -0.90742179606410067, -0.42017312133798168, 0.006342880489098493, 160.63251733047775 ],
						[ 0.42016285685685117, -0.90744396416808959, -0.0029369393578165103, 54.102902866563738 ],
						[ 0.0069898315924260997, -4.3368086899420177e-19, 0.99997557082876254, 7.8349721330494182 ],
						[ 0, 0, 0, 1 ]
					]
				},
				{
					"file_path": "images/000015.jpg",
					"transform_matrix": [
						[ -0.90742179606410067, -0.42017312133798168, 0.006342880489098493, 160.63251733047775 ],
						[ 0.42016285685685117, -0.90744396416808959, -0.0029369393578165103, 54.102902866563738 ],
						[ 0.0069898315924260997, -4.3368086899420177e-19, 0.99997557082876254, 7.8349721330494182 ],
						[ 0, 0, 0, 1 ]
					]
				},
				{
					"file_path": "images/000016.jpg",
					"transform_matrix": [
						[ -0.90742179606410067, -0.42017312133798168, 0.006342880489098493, 160.63251733047775 ],
						[ 0.42016285685685117, -0.90744396416808959, -0.0029369393578165103, 54.102902866563738 ],
						[ 0.0069898315924260997, -4.3368086899420177e-19, 0.99997557082876254, 7.8349721330494182 ],
						[ 0, 0, 0, 1 ]
					]
				},
				{
					"file_path": "images/000017.jpg",
					"transform_matrix": [
						[ -0.90742179606410067, -0.42017312133798168, 0.006342880489098493, 160.63251733047775 ],
						[ 0.42016285685685117, -0.90744396416808959, -0.0029369393578165103, 54.102902866563738 ],
						[ 0.0069898315924260997, -4.3368086899420177e-19, 0.99997557082876254, 7.8349721330494182 ],
						[ 0, 0, 0, 1 ]
					]
				},
				{
					"file_path": "images/000018.jpg",
					"transform_matrix": [
						[ -0.90997122546850728, -0.41462261190394234, 0.0063607010066325503, 160.63251733047775 ],
						[ 0.41461248301715725, -0.90999345585446512, -0.0028981422316204041, 54.102902866563738 ],
						[ 0.0069898315924261031, 0, 0.99997557082876254, 7.8349721330494182 ],
						[ 0, 0, 0, 1 ]
					]
				},
				{
					"file_path": "images/000019.jpg",
					"transform_matrix": [
						[ -0.92456705169848941, -0.38100200084740765, 0.0036389921453065747, 160.63251733047775 ],
						[ 0.3809990497902177, -0.92457421300308318, -0.0014995694979708257, 54.102902866563738 ],
						[ 0.0039358572780078573, 0, 0.99999225448374707, 7.8349721330494182 ],
						[ 0, 0, 0, 1 ]
					]
				},
				{
					"file_path": "images/000020.jpg",
					"transform_matrix": [
						[ -0.96123434994242829, -0.2756508282622766, 0.0067190303672961492, 149.42990557102257 ],
						[ 0.27564409434099124, -0.96125783267462617, -0.0019267528678660831, 58.168344003058465 ],
						[ 0.0069898315924261014, -1.0842021724855044e-19, 0.99997557082876254, 7.8818886005308997 ],
						[ 0, 0, 0, 1 ]
					]
				},
				{
					"file_path": "images/000021.jpg",
					"transform_matrix": [
						[ -0.99580992927704259, -0.088487515600909339, 0.023076922152491686, 106.88685858487503 ],
						[ 0.088463764705289633, -0.99607728594862599, -0.002050061313309477, 91.621728699703411 ],
						[ 0.023167802818145913, 0, 0.99973159043444226, 8.3593770603643254 ],
						[ 0, 0, 0, 1 ]
					]
				},
				{
					"file_path": "images/000022.jpg",
					"transform_matrix": [
						[ -0.9977993628430688, 0.052721792878765251, 0.040209999572452172, 56.279127497205252 ],
						[ -0.052679035281208438, -0.99860923916998212, 0.0021228957093127887, 146.68978388889897 ],
						[ 0.040265999947961338, 0, 0.99918899576015685, 9.4626412936830384 ],
						[ 0, 0, 0, 1 ]
					]
				},
				{
					"file_path": "images/000023.jpg",
					"transform_matrix": [
						[ -0.99209934489587104, 0.11790274361214394, 0.042869953416289172, 53.850221189588289 ],
						[ -0.11779282229083322, -0.99302514723884561, 0.0050899870364406576, 149.32313723123087 ],
						[ 0.043171065239879569, 0, 0.99906769496668946, 9.5196161105839643 ],
						[ 0, 0, 0, 1 ]
					]
				},
				{
					"file_path": "images/000024.jpg",
					"transform_matrix": [
						[ -0.99004975064465972, 0.13305200715836363, 0.045811075512130359, 53.850221189588289 ],
						[ -0.1329097999301147, -0.99110905726420007, 0.0061499342603096542, 149.32313723123087 ],
						[ 0.04622203296031277, 0, 0.99893119065780289, 9.5196161105839643 ],
						[ 0, 0, 0, 1 ]
					]
				},
				{
					"file_path": "images/000025.jpg",
					"transform_matrix": [
						[ -0.98698237161990998, 0.15420806548303218, 0.045669143319292956, 53.850221189588289 ],
						[ -0.15404324646200179, -0.98803839628831236, 0.0071278102855027838, 149.32313723123087 ],
						[ 0.046222032960312763, 0, 0.99893119065780289, 9.5196161105839643 ],
						[ 0, 0, 0, 1 ]
					]
				},
				{
					"file_path": "images/000026.jpg",
					"transform_matrix": [
						[ -0.97318458120499174, 0.22614895086861936, 0.042052620915789249, 53.850221189588289 ],
						[ -0.22593811106344663, -0.9740927327626574, 0.0097630911118794812, 149.32313723123087 ],
						[ 0.043171065239879541, 0, 0.99906769496668946, 9.5196161105839643 ],
						[ 0, 0, 0, 1 ]
					]
				},
				{
					"file_path": "images/000027.jpg",
					"transform_matrix": [
						[ -0.93832058681462183, 0.34523740558645383, 0.01912093469992868, 53.850221189588289 ],
						[ -0.34516574697907715, -0.93851538814445412, 0.0070337279192009662, 149.32313723123087 ],
						[ 0.020373597430014264, 0, 0.99979243672262275, 9.5196161105839643 ],
						[ 0, 0, 0, 1 ]
					]
				},
				{
					"file_path": "images/000028.jpg",
					"transform_matrix": [
						[ -0.89425345104691845, 0.44717902619881639, -0.018484691464997774, 53.850221189588289 ],
						[ -0.4470835235430381, -0.89444447481544631, -0.0092414527247304257, 149.32313723123087 ],
						[ -0.020666113979642832, 0, 0.99978643306107151, 9.5196161105839643 ],
						[ 0, 0, 0, 1 ]
					]
				},
				{
					"file_path": "images/000029.jpg",
					"transform_matrix": [
						[ -0.84126102164307892, 0.53843164247304076, -0.048695583453002331, 53.850221189588289 ],
						[ -0.5375318786721649, -0.84266919154777775, -0.031114514738131975, 149.32313723123087 ],
						[ -0.0577873072154928, 1.7347234759768071e-18, 0.99832891730370221, 9.5196161105839643 ],
						[ 0, 0, 0, 1 ]
					]
				},
				{
					"file_path": "images/000030.jpg",
					"transform_matrix": [
						[ -0.79606125365067881, 0.60162747548718243, -0.065809278791297693, 53.850221189588289 ],
						[ -0.59958216196358038, -0.79877680282975239, -0.049566625022884191, 149.32313723123087 ],
						[ -0.082387568790382171, 0, 0.99660036549702813, 9.5196161105839643 ],
						[ 0, 0, 0, 1 ]
					]
				},
				{
					"file_path": "images/000031.jpg",
					"transform_matrix": [
						[ -0.70841449213630381, 0.70125793145046833, -0.079913834278382279, 53.850221189588289 ],
						[ -0.69683819951573778, -0.71290764729929079, -0.078607952001400319, 149.32313723123087 ],
						[ -0.11209563339812664, 0, 0.99369742324968957, 9.5196161105839643 ],
						[ 0, 0, 0, 1 ]
					]
				},
				{
					"file_path": "images/000032.jpg",
					"transform_matrix": [
						[ -0.61384584148509624, 0.78521204095338148, -0.081457557250866258, 53.850221189588289 ],
						[ -0.77838847928051325, -0.61922697837047114, -0.10329242267245456, 149.32313723123087 ],
						[ -0.13154717106355102, 6.9388939039072284e-18, 0.99130991207854713, 9.5196161105839643 ],
						[ 0, 0, 0, 1 ]
					]
				},
				{
					"file_path": "images/000033.jpg",
					"transform_matrix": [
						[ -0.512542410431583, 0.85511154525340138, -0.078003350462159976, 53.850221189588289 ],
						[ -0.84537747641294436, -0.51844406176012847, -0.12865720811264963, 149.32313723123087 ],
						[ -0.1504566378816973, 0, 0.98861660926637063, 9.5196161105839643 ],
						[ 0, 0, 0, 1 ]
					]
				},
				{
					"file_path": "images/000034.jpg",
					"transform_matrix": [
						[ -0.37721329805478487, 0.923693419191295, -0.067086474891189879, 53.850221189588289 ],
						[ -0.90942296648094778, -0.38313244099487864, -0.1617386802663428, 149.32313723123087 ],
						[ -0.17509995947350904, -1.3877787807814457e-17, 0.98455066105933597, 9.5196161105839643 ],
						[ 0, 0, 0, 1 ]
					]
				},
				{
					"file_path": "images/000035.jpg",
					"transform_matrix": [
						[ -0.26272873084528237, 0.96351717426711714, -0.051071213816944946, 53.850221189588289 ],
						[ -0.94581335405083022, -0.26764651107815496, -0.18385441089843085, 149.32313723123087 ],
						[ -0.19081591466003339, -1.3877787807814457e-17, 0.98162583844989271, 9.5196161105839643 ],
						[ 0, 0, 0, 1 ]
					]
				},
				{
					"file_path": "images/000036.jpg",
					"transform_matrix": [
						[ -0.072233269960501501, 0.99727199608715289, -0.015196069595737868, 53.850221189588289 ],
						[ -0.97591006868417673, -0.07381440117175786, -0.20530701892653264, 149.32313723123087 ],
						[ -0.20586862935293987, 0, 0.97857963776503232, 9.5196161105839643 ],
						[ 0, 0, 0, 1 ]
					]
				},
				{
					"file_path": "images/000037.jpg",
					"transform_matrix": [
						[ 0.091325633066999479, 0.99561255330000209, 0.020378234868648121, 53.850221189588289 ],
						[ -0.97171524173411805, 0.093571596713158733, -0.21682676327002132, 149.32313723123087 ],
						[ -0.21778227137789627, -1.3877787807814457e-17, 0.97599737821035371, 9.5196161105839643 ],
						[ 0, 0, 0, 1 ]
					]
				},
				{
					"file_path": "images/000038.jpg",
					"transform_matrix": [
						[ 0.21582089411803596, 0.97517524932874922, 0.049543665172282453, 53.850221189588289 ],
						[ -0.95045353955710532, 0.22143448940174548, -0.21818532500321414, 149.32313723123087 ],
						[ -0.22373960491039893, 0, 0.97464895690424791, 9.5196161105839643 ],
						[ 0, 0, 0, 1 ]
					]
				},
				{
					"file_path": "images/000039.jpg",
					"transform_matrix": [
						[ 0.34567026767215547, 0.93471499930210833, 0.082582904569404647, 53.850221189588289 ],
						[ -0.90913008961428543, 0.35539818525093658, -0.2171971686699935, 149.32313723123087 ],
						[ -0.23236726577851063, 0, 0.97262811690523265, 9.5196161105839643 ],
						[ 0, 0, 0, 1 ]
					]
				},
				{
					"file_path": "images/000040.jpg",
					"transform_matrix": [
						[ 0.44318719596378087, 0.88981983379778362, 0.10865437273228157, 53.850221189588289 ],
						[ -0.86422609132856953, 0.45631202414585159, -0.21187873816609848, 149.32313723123087 ],
						[ -0.23811420033400715, -1.3877787807814457e-17, 0.97123716341545352, 9.5196161105839643 ],
						[ 0, 0, 0, 1 ]
					]
				},
				{
					"file_path": "images/000041.jpg",
					"transform_matrix": [
						[ 0.58582024444621383, 0.7958757738629465, 0.15295879763855924, 53.850221189588289 ],
						[ -0.77005942246720194, 0.60545995125859109, -0.20106400297274327, 149.32313723123087 ],
						[ -0.25263239512472868, 0, 0.96756233542523906, 9.5196161105839643 ],
						[ 0, 0, 0, 1 ]
					]
				},
				{
					"file_path": "images/000042.jpg",
					"transform_matrix": [
						[ 0.72014623007269951, 0.6667901979479568, 0.19178174895595002, 53.850221189588289 ],
						[ -0.64433325313020007, 0.74524548433420545, -0.17159203649974258, 149.32313723123087 ],
						[ -0.25734037037109436, -1.3877787807814457e-17, 0.96632082342111825, 9.5196161105839643 ],
						[ 0, 0, 0, 1 ]
					]
				},
				{
					"file_path": "images/000043.jpg",
					"transform_matrix": [
						[ 0.80536828962881335, 0.55261329465817854, 0.21447718906073227, 53.850221189588289 ],
						[ -0.53400173392754802, 0.83343778806041258, -0.14220970991932641, 149.32313723123087 ],
						[ -0.25734037037109442, 1.3877787807814457e-17, 0.96632082342111825, 9.5196161105839643 ],
						[ 0, 0, 0, 1 ]
					]
				},
				{
					"file_path": "images/000044.jpg",
					"transform_matrix": [
						[ 0.89332281796261237, 0.3830904466579319, 0.23498096217941447, 53.850221189588289 ],
						[ -0.37048762857133077, 0.92371083661469844, -0.097453616639740226, 149.32313723123087 ],
						[ -0.25438801069022271, 6.9388939039072284e-18, 0.96710223865787381, 9.5196161105839643 ],
						[ 0, 0, 0, 1 ]
					]
				},
				{
					"file_path": "images/000045.jpg",
					"transform_matrix": [
						[ 0.94243938847767805, 0.22698742804261235, 0.24552944132307206, 53.850221189588289 ],
						[ -0.21965540674356471, 0.9738976884204007, -0.05722582264781588, 149.32313723123087 ],
						[ -0.25211009764414272, -3.4694469519536142e-18, 0.96769855774712243, 9.5196161105839643 ],
						[ 0, 0, 0, 1 ]
					]
				},
				{
					"file_path": "images/000046.jpg",
					"transform_matrix": [
						[ 0.96669357862712446, 0.045562829311362539, 0.25184827501141849, 53.850221189588289 ],
						[ -0.04409108421148384, 0.99896147502551047, -0.01148684934663103, 149.32313723123087 ],
						[ -0.25211009764414294, -8.6736173798840355e-19, 0.96769855774712232, 9.5196161105839643 ],
						[ 0, 0, 0, 1 ]
					]
				},
				{
					"file_path": "images/000047.jpg",
					"transform_matrix": [
						[ 0.95522387858122182, -0.16478956130255279, 0.24574731386926574, 53.850221189588289 ],
						[ 0.15959275658012456, 0.98632874868661924, 0.041057904981195902, 149.32313723123087 ],
						[ -0.24915355473162393, 0, 0.96846399322049948, 9.5196161105839643 ],
						[ 0, 0, 0, 1 ]
					]
				},
				{
					"file_path": "images/000048.jpg",
					"transform_matrix": [
						[ 0.91081870863710657, -0.34187991982184412, 0.2313598937137612, 53.850221189588289 ],
						[ 0.33135699120372669, 0.93974364611983907, 0.084169020178471471, 149.32313723123087 ],
						[ -0.24619468795456739, 0, 0.9692203957939356, 9.5196161105839643 ],
						[ 0, 0, 0, 1 ]
					]
				},
				{
					"file_path": "images/000049.jpg",
					"transform_matrix": [
						[ 0.83234880600062067, -0.51411702928282688, 0.20707280205459608, 53.850221189588289 ],
						[ 0.49890951788166299, 0.85772004768537435, 0.124119348877142, 149.32313723123087 ],
						[ -0.24142236457384728, 0, 0.97042013678796479, 9.5196161105839643 ],
						[ 0, 0, 0, 1 ]
					]
				},
				{
					"file_path": "images/000050.jpg",
					"transform_matrix": [
						[ 0.68896642580143763, -0.70391188849877939, 0.17272323916738552, 53.850221189588289 ],
						[ 0.68278238347290143, 0.7102873033006305, 0.1711729055340877, 149.32313723123087 ],
						[ -0.24317376695987497, 1.3877787807814457e-17, 0.96998274163128506, 9.5196161105839643 ],
						[ 0, 0, 0, 1 ]
					]
				},
				{
					"file_path": "images/000051.jpg",
					"transform_matrix": [
						[ 0.49010789156782009, -0.86347665652062944, 0.11917347971298185, 53.850221189588289 ],
						[ 0.83902878457372021, 0.50438880206042902, 0.20401626163811271, 149.32313723123087 ],
						[ -0.23627304814491928, 0, 0.97168670193653917, 9.5196161105839643 ],
						[ 0, 0, 0, 1 ]
					]
				},
				{
					"file_path": "images/000052.jpg",
					"transform_matrix": [
						[ 0.30947847288221697, -0.94735913950117989, 0.082059342101155688, 53.850221189588289 ],
						[ 0.91571552634387332, 0.32017286081675256, 0.24280530062002126, 149.32313723123087 ],
						[ -0.25629699497897629, 1.3877787807814457e-17, 0.96659808108890144, 9.5196161105839643 ],
						[ 0, 0, 0, 1 ]
					]
				},
				{
					"file_path": "images/000053.jpg",
					"transform_matrix": [
						[ 0.30947847288221697, -0.94735913950117989, 0.082059342101155688, 53.850221189588289 ],
						[ 0.91571552634387332, 0.32017286081675256, 0.24280530062002126, 149.32313723123087 ],
						[ -0.25629699497897629, 1.3877787807814457e-17, 0.96659808108890144, 9.5196161105839643 ],
						[ 0, 0, 0, 1 ]
					]
				},
				{
					"file_path": "images/000054.jpg",
					"transform_matrix": [
						[ 0.30947847288221697, -0.94735913950117989, 0.082059342101155688, 53.850221189588289 ],
						[ 0.91571552634387332, 0.32017286081675256, 0.24280530062002126, 149.32313723123087 ],
						[ -0.25629699497897629, 1.3877787807814457e-17, 0.96659808108890144, 9.5196161105839643 ],
						[ 0, 0, 0, 1 ]
					]
				},
				{
					"file_path": "images/000055.jpg",
					"transform_matrix": [
						[ 0.35928829396450201, -0.92719662437519135, 0.10591667275423623, 53.850221189588289 ],
						[ 0.889357021304093, 0.37457498547987733, 0.26217869652178194, 149.32313723123087 ],
						[ -0.28276493855707885, 2.7755575615628914e-17, 0.95918923551237345, 9.5196161105839643 ],
						[ 0, 0, 0, 1 ]
					]
				},
				{
					"file_path": "images/000056.jpg",
					"transform_matrix": [
						[ 0.17634572837250539, -0.9833927455680016, 0.042905617918838054, 53.850221189588289 ],
						[ 0.9555175420001909, 0.18149024206338693, 0.23248122282387848, 149.32313723123087 ],
						[ -0.23640729898774943, 0, 0.97165404799512711, 9.5196161105839643 ],
						[ 0, 0, 0, 1 ]
					]
				},
				{
					"file_path": "images/000057.jpg",
					"transform_matrix": [
						[ -0.04182778499337747, -0.99908292165145007, -0.0091516155377125152, 53.850221189588289 ],
						[ 0.97599541521221256, -0.042817235599724501, 0.21354070764221572, 149.32313723123087 ],
						[ -0.21373672096129936, -1.3877787807814457e-17, 0.97689130107331368, 9.5196161105839643 ],
						[ 0, 0, 0, 1 ]
					]
				},
				{
					"file_path": "images/000058.jpg",
					"transform_matrix": [
						[ -0.34242370198095573, -0.93691552232531183, -0.070251778251836178, 53.850221189588289 ],
						[ 0.91779916189019595, -0.34955586681657569, 0.18829602865638392, 149.32313723123087 ],
						[ -0.20097439328260433, 0, 0.97959649511658065, 9.5196161105839643 ],
						[ 0, 0, 0, 1 ]
					]
				},
				{
					"file_path": "images/000059.jpg",
					"transform_matrix": [
						[ -0.52961442169817663, -0.84286582908998797, -0.095319245075437237, 53.850221189588289 ],
						[ 0.82953759292128559, -0.53812377214953577, 0.14929898786633522, 149.32313723123087 ],
						[ -0.17713256690869519, -1.3877787807814457e-17, 0.98418700140793192, 9.5196161105839643 ],
						[ 0, 0, 0, 1 ]
					]
				},
				{
					"file_path": "images/000060.jpg",
					"transform_matrix": [
						[ -0.7188076406371855, -0.68810744374994759, -0.09911468921161698, 53.850221189588289 ],
						[ 0.68165777619903356, -0.72560881048669246, 0.09399218207636012, 149.32313723123087 ],
						[ -0.13659521188164342, 6.9388939039072284e-18, 0.99062694698408493, 9.5196161105839643 ],
						[ 0, 0, 0, 1 ]
					]
				},
				{
					"file_path": "images/000061.jpg",
					"transform_matrix": [
						[ -0.83504132229210426, -0.5426871912558604, -0.090535089945726455, 53.850221189588289 ],
						[ 0.5395254291949525, -0.83993488583748355, 0.058495288743429394, 149.32313723123087 ],
						[ -0.10778822438772223, 6.9388939039072284e-18, 0.99417387748991981, 9.5196161105839643 ],
						[ 0, 0, 0, 1 ]
					]
				},
				{
					"file_path": "images/000062.jpg",
					"transform_matrix": [
						[ -0.90707526731045784, -0.41534787632761927, -0.068560929572173593, 53.850221189588289 ],
						[ 0.41416648781641874, -0.90966265265214608, 0.031304612115079566, 149.32313723123087 ],
						[ -0.075369621224178465, -3.4694469519536142e-18, 0.99715566497740149, 9.5196161105839643 ],
						[ 0, 0, 0, 1 ]
					]
				},
				{
					"file_path": "images/000063.jpg",
					"transform_matrix": [
						[ -0.94257431209632725, -0.3332594898415186, -0.022176081860996975, 53.850221189588289 ],
						[ 0.33316729413162122, -0.94283514594576401, 0.0078384750074905786, 149.32313723123087 ],
						[ -0.023520635560050102, -8.6736173798840355e-19, 0.99972335158425274, 9.5196161105839643 ],
						[ 0, 0, 0, 1 ]
					]
				},
				{
					"file_path": "images/000064.jpg",
					"transform_matrix": [
						[ -0.94673818892670591, -0.32171715639850013, -0.013596797661329587, 41.969847760189566 ],
						[ 0.32168398295712902, -0.94683582065681393, 0.0046199383085171941, 153.35986688043729 ],
						[ -0.014360248487322301, -8.6736173798840355e-19, 0.99989688631547524, 9.3394124441372526 ],
						[ 0, 0, 0, 1 ]
					]
				},
				{
					"file_path": "images/000065.jpg",
					"transform_matrix": [
						[ -0.94673818892670591, -0.32171715639850013, -0.013596797661329587, -0.57694286374081472 ],
						[ 0.32168398295712902, -0.94683582065681393, 0.0046199383085171941, 167.81647400738095 ],
						[ -0.014360248487322301, -8.6736173798840355e-19, 0.99989688631547524, 8.6940549802885041 ],
						[ 0, 0, 0, 1 ]
					]
				},
				{
					"file_path": "images/000066.jpg",
					"transform_matrix": [
						[ -0.94673818892670591, -0.32171715639850013, -0.013596797661329587, -93.94167515413487 ],
						[ 0.32168398295712902, -0.94683582065681393, 0.0046199383085171941, 199.5400713561159 ],
						[ -0.014360248487322301, -8.6736173798840355e-19, 0.99989688631547524, 7.2778817281993877 ],
						[ 0, 0, 0, 1 ]
					]
				},
				{
					"file_path": "images/000067.jpg",
					"transform_matrix": [
						[ -0.94575134566021646, -0.32460730811722938, -0.0135826248853976, -187.73851929185784 ],
						[ 0.32457383666166573, -0.94584887562278541, 0.0046614416053642081, 231.41049226357595 ],
						[ -0.014360248487322307, 0, 0.99989688631547524, 5.8551541249641135 ],
						[ 0, 0, 0, 1 ]
					]
				},
				{
					"file_path": "images/000068.jpg",
					"transform_matrix": [
						[ -0.92054107118838435, -0.39019098229571175, -0.018844988470471023, -308.1219790394552 ],
						[ 0.39010924577157119, -0.92073394492389071, 0.0079861773351391739, 273.66355812527962 ],
						[ -0.0204673549556477, 8.6736173798840355e-19, 0.99979052174999117, 3.8829339713291384 ],
						[ 0, 0, 0, 1 ]
					]
				},
				{
					"file_path": "images/000069.jpg",
					"transform_matrix": [
						[ -0.89734972843183236, -0.44049736125101102, -0.026935842556259582, -416.53956748948008 ],
						[ 0.44029904531605613, -0.8977539054389565, 0.013216503428412903, 318.12464584498957 ],
						[ -0.03000359273635167, 8.6736173798840355e-19, 0.99954979086732398, 1.4656631553248669 ],
						[ 0, 0, 0, 1 ]
					]
				},
				{
					"file_path": "images/000070.jpg",
					"transform_matrix": [
						[ -0.99036734601784859, -0.050450085605330507, -0.12894692242926498, -451.5048105656083 ],
						[ 0.050027823636568998, -0.99872658363659084, 0.0065136778991230528, 333.37001086661712 ],
						[ -0.12911133491584853, 4.3368086899420177e-19, 0.9916301040187554, 0.56613811908608813 ],
						[ 0, 0, 0, 1 ]
					]
				},
				{
					"file_path": "images/000071.jpg",
					"transform_matrix": [
						[ -0.86810858612688468, 0.47573370907070633, -0.14165069977451575, -451.5048105656083 ],
						[ -0.46952423192978343, -0.87958935762879076, -0.076613037904252279, 333.37001086661712 ],
						[ -0.16104185270769952, -6.9388939039072284e-18, 0.98694757797791455, 0.56613811908608813 ],
						[ 0, 0, 0, 1 ]
					]
				},
				{
					"file_path": "images/000072.jpg",
					"transform_matrix": [
						[ -0.76043512125246515, 0.64018698882480785, -0.10908274705549077, -451.5048105656083 ],
						[ -0.63370027711818466, -0.76821912195637498, -0.090902912169580713, 333.37001086661712 ],
						[ -0.14199431378080846, 0, 0.98986747337909697, 0.56613811908608813 ],
						[ 0, 0, 0, 1 ]
					]
				},
				{
					"file_path": "images/000073.jpg",
					"transform_matrix": [
						[ -0.60389938507259933, 0.7925424587663783, -0.08474658554466008, -451.5048105656083 ],
						[ -0.78485203099534395, -0.60981673562845273, -0.11014008530022097, 333.37001086661712 ],
						[ -0.13897058016507791, 0, 0.99029651006583963, 0.56613811908608813 ],
						[ 0, 0, 0, 1 ]
					]
				},
				{
					"file_path": "images/000074.jpg",
					"transform_matrix": [
						[ -0.45149778558899856, 0.88988560802540861, -0.065217744805213654, -451.5048105656083 ],
						[ -0.88074463474245201, -0.45618373998778972, -0.12722139656180392, 333.37001086661712 ],
						[ -0.14296376457205423, -4.163336342344337e-17, 0.98972792322909953, 0.56613811908608813 ],
						[ 0, 0, 0, 1 ]
					]
				},
				{
					"file_path": "images/000075.jpg",
					"transform_matrix": [
						[ -0.30603013509818267, 0.95119795234067139, -0.039598129686917775, -451.5048105656083 ],
						[ -0.94333383676387805, -0.30858135955192423, -0.1220607101135629, 333.37001086661712 ],
						[ -0.12832314221577179, -6.9388939039072284e-18, 0.99173240905592619, 0.56613811908608813 ],
						[ 0, 0, 0, 1 ]
					]
				},
				{
					"file_path": "images/000076.jpg",
					"transform_matrix": [
						[ -0.16240482489643515, 0.98651901743176096, -0.02012215435361684, -451.5048105656083 ],
						[ -0.97903282306299799, -0.16364665668895451, -0.12130335164299232, 333.37001086661712 ],
						[ -0.12296098655937268, 0, 0.99241150526600896, 0.56613811908608813 ],
						[ 0, 0, 0, 1 ]
					]
				},
				{
					"file_path": "images/000077.jpg",
					"transform_matrix": [
						[ 0.035815342887517643, 0.99934858849360864, 0.0044339474153693922, -451.5048105656083 ],
						[ -0.99177725408714523, 0.036088761073673981, -0.12278224464282381, 333.37001086661712 ],
						[ -0.12286227854476936, 0, 0.99242373032429421, 0.56613811908608813 ],
						[ 0, 0, 0, 1 ]
					]
				},
				{
					"file_path": "images/000078.jpg",
					"transform_matrix": [
						[ 0.22097800952693258, 0.97494622822070209, 0.025467064686407359, -451.5048105656083 ],
						[ -0.96853545720470857, 0.22244067091749831, -0.11162085853029274, 333.37001086661712 ],
						[ -0.11448924597000926, 0, 0.99342448759692792, 0.56613811908608813 ],
						[ 0, 0, 0, 1 ]
					]
				},
				{
					"file_path": "images/000079.jpg",
					"transform_matrix": [
						[ 0.35960438864631739, 0.93232170265973069, 0.038222067133647779, -451.5048105656083 ],
						[ -0.92709950514348194, 0.36162998043533501, -0.098540675931566388, 333.37001086661712 ],
						[ -0.10569385615549781, 0, 0.99439871720099327, 0.56613811908608813 ],
						[ 0, 0, 0, 1 ]
					]
				},
				{
					"file_path": "images/000080.jpg",
					"transform_matrix": [
						[ 0.50375253702244716, 0.86218703267215824, 0.05354346024890913, -451.5048105656083 ],
						[ -0.85735767927652506, 0.50659009138748323, -0.091127872210386596, 333.37001086661712 ],
						[ -0.10569385615549781, -6.9388939039072284e-18, 0.99439871720099327, 0.56613811908608813 ],
						[ 0, 0, 0, 1 ]
					]
				},
				{
					"file_path": "images/000081.jpg",
					"transform_matrix": [
						[ 0.61529759368888082, 0.78588431988034591, 0.061601192901431442, -451.5048105656083 ],
						[ -0.78197513179189204, 0.61837354064206729, -0.078288297291784298, 333.37001086661712 ],
						[ -0.099618093033977353, 0, 0.99502574616955208, 0.56613811908608813 ],
						[ 0, 0, 0, 1 ]
					]
				},
				{
					"file_path": "images/000082.jpg",
					"transform_matrix": [
						[ 0.67111227053129285, 0.7384901853380339, 0.065119632229681257, -451.5048105656083 ],
						[ -0.73503799564323047, 0.67426422577458178, -0.071322498563818712, 333.37001086661712 ],
						[ -0.096578803591237689, 0, 0.99532534113067028, 0.56613811908608813 ],
						[ 0, 0, 0, 1 ]
					]
				},
				{
					"file_path": "images/000083.jpg",
					"transform_matrix": [
						[ 0.67335395882432192, 0.73642752742281958, 0.065337148617960181, -446.41346056781435 ],
						[ -0.73298497995013401, 0.67651644241209097, -0.07112328953014932, 327.82777955766329 ],
						[ -0.096578803591237675, -6.9388939039072284e-18, 0.99532534113067028, -0.16411192661964474 ],
						[ 0, 0, 0, 1 ]
					]
				},
				{
					"file_path": "images/000084.jpg",
					"transform_matrix": [
						[ 0.67335395882432192, 0.73642752742281958, 0.065337148617960181, -415.609564404433 ],
						[ -0.73298497995013401, 0.67651644241209097, -0.07112328953014932, 294.29594265223943 ],
						[ -0.096578803591237675, -6.9388939039072284e-18, 0.99532534113067028, -4.5823009316911349 ],
						[ 0, 0, 0, 1 ]
					]
				},
				{
					"file_path": "images/000085.jpg",
					"transform_matrix": [
						[ 0.66434973264145269, 0.74463675489740089, 0.064463446968790319, -358.52614778107829 ],
						[ -0.74115583208669089, 0.66746992685503648, -0.071916126898052685, 232.01333901098096 ],
						[ -0.096578803591237647, -6.9388939039072284e-18, 0.99532534113067028, -12.780070091624328 ],
						[ 0, 0, 0, 1 ]
					]
				},
				{
					"file_path": "images/000086.jpg",
					"transform_matrix": [
						[ 0.66208313242399264, 0.74667174632253974, 0.064243513316771278, -268.30251296230688 ],
						[ -0.74318131062111525, 0.66519268129140474, -0.072112663935211027, 131.95394812968769 ],
						[ -0.096578803591237633, 0, 0.99532534113067028, -25.853511103051794 ],
						[ 0, 0, 0, 1 ]
					]
				},
				{
					"file_path": "images/000087.jpg",
					"transform_matrix": [
						[ 0.66208313242399264, 0.74667174632253974, 0.064243513316771278, -204.10623203247059 ],
						[ -0.74318131062111525, 0.66519268129140474, -0.072112663935211027, 60.159409962720446 ],
						[ -0.096578803591237633, 0, 0.99532534113067028, -35.198798252251379 ],
						[ 0, 0, 0, 1 ]
					]
				},
				{
					"file_path": "images/000088.jpg",
					"transform_matrix": [
						[ 0.66208313242399264, 0.74667174632253974, 0.064243513316771278, -134.08131639385346 ],
						[ -0.74318131062111525, 0.66519268129140474, -0.072112663935211027, -18.324711861633549 ],
						[ -0.096578803591237633, 0, 0.99532534113067028, -45.404906517868461 ],
						[ 0, 0, 0, 1 ]
					]
				},
				{
					"file_path": "images/000089.jpg",
					"transform_matrix": [
						[ 0.69126119098226568, 0.71968062152761447, 0.064944351866855599, -126.81855751116602 ],
						[ -0.71652529170540735, 0.69430526643373969, -0.067317927395711685, -26.466552283931623 ],
						[ -0.093538613354380323, 6.9388939039072284e-18, 0.99561565265504925, -46.463575135198845 ],
						[ 0, 0, 0, 1 ]
					]
				},
				{
					"file_path": "images/000090.jpg",
					"transform_matrix": [
						[ 0.74228883889943309, 0.66690369346062206, 0.065167041469688394, -126.81855751116602 ],
						[ -0.66434839503837484, 0.74514392143302133, -0.058324491951107241, -26.466552283931623 ],
						[ -0.087455643930319668, -3.4694469519536142e-18, 0.99616841464921635, -46.463575135198845 ],
						[ 0, 0, 0, 1 ]
					]
				},
				{
					"file_path": "images/000091.jpg",
					"transform_matrix": [
						[ 0.75829715887336901, 0.64850098573675252, 0.066572444322234123, -124.69197731310095 ],
						[ -0.64601619885983474, 0.76121381457410531, -0.0567150712970554, -28.278250191921011 ],
						[ -0.087455643930320695, -3.4694469519536142e-18, 0.99616841464921635, -46.708837230296112 ],
						[ 0, 0, 0, 1 ]
					]
				},
				{
					"file_path": "images/000092.jpg",
					"transform_matrix": [
						[ 0.75829715887336901, 0.64850098573675252, 0.066572444322234123, -95.540885679194503 ],
						[ -0.64601619885983474, 0.76121381457410531, -0.0567150712970554, -53.112945717069174 ],
						[ -0.087455643930320695, -3.4694469519536142e-18, 0.99616841464921635, -50.07088198882888 ],
						[ 0, 0, 0, 1 ]
					]
				},
				{
					"file_path": "images/000093.jpg",
					"transform_matrix": [
						[ 0.76026656655744396, 0.64617320202427153, 0.066745342613967237, -52.731949710434513 ],
						[ -0.64369733424932629, 0.76319079723598615, -0.056511493473549224, -89.583171391333224 ],
						[ -0.087455643930319724, -3.4694469519536142e-18, 0.99616841464921635, -55.008109060789742 ],
						[ 0, 0, 0, 1 ]
					]
				},
				{
					"file_path": "images/000094.jpg",
					"transform_matrix": [
						[ 0.86700835138708743, 0.49098569204999198, 0.085026871206901583, -48.993676636565283 ],
						[ -0.48864154012957994, 0.87116763610810888, -0.047920716371958355, -92.7679191443614 ],
						[ -0.097601044486402444, -1.0408340855860843e-17, 0.99522562070877341, -55.439250424269524 ],
						[ 0, 0, 0, 1 ]
					]
				},
				{
					"file_path": "images/000095.jpg",
					"transform_matrix": [
						[ 0.99120540973773696, -0.10095240896574513, 0.085559609808938772, -48.993676636565283 ],
						[ 0.1005784032139916, 0.99489125592901506, 0.0086818018239752642, -92.7679191443614 ],
						[ -0.085998956467905077, 0, 0.99629522707199158, -55.439250424269524 ],
						[ 0, 0, 0, 1 ]
					]
				},
				{
					"file_path": "images/000096.jpg",
					"transform_matrix": [
						[ 0.97361066415419106, -0.21427019560500996, 0.078552898868378448, -48.993676636565283 ],
						[ 0.21357617630282952, 0.97677442804129078, 0.017231762546875876, -92.7679191443614 ],
						[ -0.080420715994683908, -1.7347234759768071e-18, 0.99676100868708861, -55.439250424269524 ],
						[ 0, 0, 0, 1 ]
					]
				},
				{
					"file_path": "images/000097.jpg",
					"transform_matrix": [
						[ 0.94382784177343759, -0.32221658219905502, 0.07324943173332138, -48.993676636565283 ],
						[ 0.32125056607619551, 0.94666597813376585, 0.024931900043204863, -92.7679191443614 ],
						[ -0.077376216559217142, 0, 0.99700196645291583, -55.439250424269524 ],
						[ 0, 0, 0, 1 ]
					]
				},
				{
					"file_path": "images/000098.jpg",
					"transform_matrix": [
						[ 0.86470272483303934, -0.49891497325523432, 0.058077940115383225, -48.993676636565283 ],
						[ 0.49779342246622266, 0.86665093864930931, 0.033434399764852317, -92.7679191443614 ],
						[ -0.067014223980301352, 0, 0.99775202018553588, -55.439250424269524 ],
						[ 0, 0, 0, 1 ]
					]
				},
				{
					"file_path": "images/000099.jpg",
					"transform_matrix": [
						[ 0.81198864435809659, -0.58269812182683822, 0.033724475577476126, -47.375762364805468 ],
						[ 0.58219619235755704, 0.81268868505687664, 0.024180462875787553, -91.607873957104516 ],
						[ -0.041497410013916824, 0, 0.99913861148598238, -55.521935484499402 ],
						[ 0, 0, 0, 1 ]
					]
				},
				{
					"file_path": "images/000100.jpg",
					"transform_matrix": [
						[ 0.79244548651829849, -0.60966586127090472, 0.018376302609159213, -16.746392807902161 ],
						[ 0.60950200455553794, 0.79265852521801983, 0.014133960590540975, -68.926749459246182 ],
						[ -0.02318312618173738, 0, 0.99973123521296547, -56.837660094455146 ],
						[ 0, 0, 0, 1 ]
					]
				},
				{
					"file_path": "images/000101.jpg",
					"transform_matrix": [
						[ 0.72691298958990092, -0.68661526080167057, -0.012529533100900603, 33.582926787791948 ],
						[ 0.68651328629483299, 0.72702096505826708, -0.011833178204301912, -29.475612305581912 ],
						[ 0.017234073985605659, 8.6736173798840355e-19, 0.99985148231817844, -58.115399282082407 ],
						[ 0, 0, 0, 1 ]
					]
				},
				{
					"file_path": "images/000102.jpg",
					"transform_matrix": [
						[ 0.59083648594011029, -0.80629130451390663, -0.028400337096674558, 117.7253567286271 ],
						[ 0.80536143381250636, 0.59151866603283354, -0.038712125519030298, 49.754057875203486 ],
						[ 0.048012579699552763, 0, 0.99884673108069688, -57.097855669740447 ],
						[ 0, 0, 0, 1 ]
					]
				},
				{
					"file_path": "images/000103.jpg",
					"transform_matrix": [
