{
	"name": "Anim Man 1",
	"total_frames": 1300,
	"animations": [],
	"cameras": [
		{
			"name": "Camera1",
			"stereo": 0,
			"fov": 90,
			"trajectory": [
				{
				  "file_path": "images/000001.jpg",
				  "transform_matrix": [
					[
					  0.9999589218549491,
					  -0.002219130903938475,
					  0.00878806353634434,
					  0.463642026769967
					],
					[
					  -0.0022415310802868346,
					  -0.9999942621984279,
					  0.002539903273341879,
					  2.57144443184765
					],
					[
					  0.00878237673433268,
					  -0.002559497656379054,
					  -0.9999581585399677,
					  -3.6562660783391614
					],
					[
					  0.0,
					  -0.0,
					  -0.0,
					  1.0
					]
				  ]
				},
				{
				  "file_path": "images/000002.jpg",
				  "transform_matrix": [
					[
					  0.9999588569561083,
					  -0.001697436581215879,
					  0.0089108419403622,
					  0.46561845285143977
					],
					[
					  -0.0017198037815843498,
					  -0.9999953885007836,
					  0.0025030485651906568,
					  2.572139738988349
					],
					[
					  0.00890655208182246,
					  -0.002518270481819811,
					  -0.9999571649044743,
					  -3.6557184334007475
					],
					[
					  0.0,
					  -0.0,
					  -0.0,
					  1.0
					]
				  ]
				},
				{
				  "file_path": "images/000003.jpg",
				  "transform_matrix": [
					[
					  0.9999604453916803,
					  -0.0012005877890084308,
					  0.008812845229158227,
					  0.46564854095233993
					],
					[
					  -0.0012251247488067123,
					  -0.9999953871127669,
					  0.002779356497007673,
					  2.5720857054841537
					],
					[
					  0.008809467715025372,
					  -0.0027900433954476983,
					  -0.9999573035567215,
					  -3.655696830781613
					],
					[
					  0.0,
					  -0.0,
					  -0.0,
					  1.0
					]
				  ]
				},
				{
				  "file_path": "images/000004.jpg",
				  "transform_matrix": [
					[
					  0.9999617195410426,
					  -0.0009780600071514864,
					  0.00869499000248356,
					  0.4649574956527144
					],
					[
					  -0.0010047190968143543,
					  -0.9999948067537441,
					  0.0030621895888993237,
					  2.5705535168110356
					],
					[
					  0.008691949842088065,
					  -0.003070808389378552,
					  -0.9999575091691538,
					  -3.657199251461997
					],
					[
					  0.0,
					  -0.0,
					  -0.0,
					  1.0
					]
				  ]
				},
				{
				  "file_path": "images/000005.jpg",
				  "transform_matrix": [
					[
					  0.9999633595404687,
					  -0.0003840383741441501,
					  0.008551730296651175,
					  0.4638794549319726
					],
					[
					  -0.00041063723870197224,
					  -0.999995083325853,
					  0.003108810251260131,
					  2.567529241607971
					],
					[
					  0.008550494348145499,
					  -0.003112208001939069,
					  -0.9999586007469284,
					  -3.6568992068933905
					],
					[
					  0.0,
					  -0.0,
					  -0.0,
					  1.0
					]
				  ]
				},
				{
				  "file_path": "images/000006.jpg",
				  "transform_matrix": [
					[
					  0.9999576032129508,
					  7.85070104514503e-05,
					  0.009207910363372354,
					  0.46559884945350355
					],
					[
					  4.87425230990258e-05,
					  -0.9999947737179584,
					  0.003232670867151667,
					  2.5680740273055163
					],
					[
					  0.009208116027561337,
					  -0.003232084995509732,
					  -0.9999523809791169,
					  -3.6578172841363554
					],
					[
					  0.0,
					  -0.0,
					  -0.0,
					  1.0
					]
				  ]
				},
				{
				  "file_path": "images/000007.jpg",
				  "transform_matrix": [
					[
					  0.9999555243903344,
					  0.000199237360470996,
					  0.009429185846377856,
					  0.4657489812375699
					],
					[
					  0.00016715630615805356,
					  -0.9999941958755801,
					  0.0034029801528904138,
					  2.5719631049651253
					],
					[
					  0.009429809118993425,
					  -0.0034012526553972755,
					  -0.9999497538278378,
					  -3.6556148797604004
					],
					[
					  0.0,
					  -0.0,
					  -0.0,
					  1.0
					]
				  ]
				},
				{
				  "file_path": "images/000008.jpg",
				  "transform_matrix": [
					[
					  0.9999445228203386,
					  0.0005898609259788043,
					  0.010516812525349004,
					  0.4682888866971119
					],
					[
					  0.0005593359217529876,
					  -0.9999956234659946,
					  0.0029052008852676428,
					  2.5723656225998153
					],
					[
					  0.010518480162645696,
					  -0.0028991572818884087,
					  -0.9999404764595357,
					  -3.6537888890036996
					],
					[
					  0.0,
					  -0.0,
					  -0.0,
					  1.0
					]
				  ]
				},
				{
				  "file_path": "images/000009.jpg",
				  "transform_matrix": [
					[
					  0.9999315486174516,
					  0.0008202432328785244,
					  0.011671558616727199,
					  0.4699931889481089
					],
					[
					  0.0007950583476819042,
					  -0.9999973462188009,
					  0.0021622760183448654,
					  2.5723342633822646
					],
					[
					  0.011673301235236038,
					  -0.0021528484374532717,
					  -0.9999295471591371,
					  -3.65275399667164
					],
					[
					  0.0,
					  -0.0,
					  -0.0,
					  1.0
					]
				  ]
				},
				{
				  "file_path": "images/000010.jpg",
				  "transform_matrix": [
					[
					  0.9999117088858956,
					  0.0011273422077616429,
					  0.013240224032637074,
					  0.47210917223699334
					],
					[
					  0.0011105416546945811,
					  -0.9999985690220199,
					  0.0012761861720381451,
					  2.5708499514613723
					],
					[
					  0.013241643784704734,
					  -0.0012613696758334797,
					  -0.999911529994739,
					  -3.6544382298797427
					],
					[
					  0.0,
					  -0.0,
					  -0.0,
					  1.0
					]
				  ]
				},
				{
				  "file_path": "images/000011.jpg",
				  "transform_matrix": [
					[
					  0.9998873318985315,
					  0.001000404508630053,
					  0.014977406305995788,
					  0.4749111176937599
					],
					[
					  0.0009905703563645707,
					  -0.9999992889347679,
					  0.0006640032586990339,
					  2.5727217230200132
					],
					[
					  0.014978059927936648,
					  -0.0006490922720105602,
					  -0.9998876118844645,
					  -3.6537053161237534
					],
					[
					  0.0,
					  -0.0,
					  -0.0,
					  1.0
					]
				  ]
				},
				{
				  "file_path": "images/000012.jpg",
				  "transform_matrix": [
					[
					  0.9998554773640422,
					  0.0008807395522422581,
					  0.01697788805961187,
					  0.47997363635177276
					],
					[
					  0.0008874925255988579,
					  -0.9999995300422744,
					  -0.0003902207674183211,
					  2.576613928997454
					],
					[
					  0.016977536397858234,
					  0.0004052321204377679,
					  -0.9998557891240056,
					  -3.650615508847107
					],
					[
					  0.0,
					  -0.0,
					  -0.0,
					  1.0
					]
				  ]
				},
				{
				  "file_path": "images/000013.jpg",
				  "transform_matrix": [
					[
					  0.999816094552967,
					  0.0008636005866808809,
					  0.019158060102191225,
					  0.4846942421790626
					],
					[
					  0.000895731374884646,
					  -0.9999982066773068,
					  -0.0016686244258999495,
					  2.5796351397843935
					],
					[
					  0.019156584720574125,
					  0.0016854780322944328,
					  -0.9998150751142163,
					  -3.6475025648460626
					],
					[
					  0.0,
					  -0.0,
					  -0.0,
					  1.0
					]
				  ]
				},
				{
				  "file_path": "images/000014.jpg",
				  "transform_matrix": [
					[
					  0.9997593511085032,
					  0.000795647662637088,
					  0.021922746541007922,
					  0.4929510385800079
					],
					[
					  0.0008668485026185645,
					  -0.9999943803461059,
					  -0.0032384950025266066,
					  2.5811447179098996
					],
					[
					  0.021920046641780728,
					  0.0032567193623064903,
					  -0.9997544225129577,
					  -3.6444020400027375
					],
					[
					  0.0,
					  -0.0,
					  -0.0,
					  1.0
					]
				  ]
				},
				{
				  "file_path": "images/000015.jpg",
				  "transform_matrix": [
					[
					  0.9996912836086895,
					  0.0005646015147917606,
					  0.024839861149780634,
					  0.5018062970639658
					],
					[
					  0.0006850711912676073,
					  -0.9999880446709145,
					  -0.0048416105485300275,
					  2.5800168063479645
					],
					[
					  0.02483683060041642,
					  0.004857132937262156,
					  -0.9996797187626426,
					  -3.6393937962805545
					],
					[
					  0.0,
					  -0.0,
					  -0.0,
					  1.0
					]
				  ]
				},
				{
				  "file_path": "images/000016.jpg",
				  "transform_matrix": [
					[
					  0.9996042462101646,
					  7.831718753720204e-05,
					  0.028130851836135493,
					  0.512046354854878
					],
					[
					  0.000259894638002219,
					  -0.9999791573686926,
					  -0.006451145865416679,
					  2.5775336140147322
					],
					[
					  0.028129760279561735,
					  0.006455903857546305,
					  -0.9995834321816246,
					  -3.636154534768746
					],
					[
					  0.0,
					  -0.0,
					  -0.0,
					  1.0
					]
				  ]
				},
				{
				  "file_path": "images/000017.jpg",
				  "transform_matrix": [
					[
					  0.999485234186043,
					  -0.000858677075272232,
					  0.03207069250501531,
					  0.5242414052306588
					],
					[
					  -0.0005949845839902541,
					  -0.9999659488502775,
					  -0.008230864675675891,
					  2.5749379239661327
					],
					[
					  0.03207666811586979,
					  0.008207546140283174,
					  -0.9994517114643106,
					  -3.633755700207375
					],
					[
					  0.0,
					  -0.0,
					  -0.0,
					  1.0
					]
				  ]
				},
				{
				  "file_path": "images/000018.jpg",
				  "transform_matrix": [
					[
					  0.999337688588803,
					  -0.0018214963982784052,
					  0.03634372458705365,
					  0.5387902742665358
					],
					[
					  -0.0014527361388920453,
					  -0.9999472259655106,
					  -0.010170292109425935,
					  2.5752663298302396
					],
					[
					  0.03636033173252557,
					  0.010110758366777103,
					  -0.9992875956608035,
					  -3.6286700624820933
					],
					[
					  0.0,
					  -0.0,
					  -0.0,
					  1.0
					]
				  ]
				},
				{
				  "file_path": "images/000019.jpg",
				  "transform_matrix": [
					[
					  0.9991647977967864,
					  -0.0032441520443297713,
					  0.040733061770760796,
					  0.5539336640074747
					],
					[
					  -0.0027689815540645115,
					  -0.9999275258129783,
					  -0.011716478254538329,
					  2.5795689332999108
					],
					[
					  0.04076811971210585,
					  0.011593903529402422,
					  -0.9991013671375345,
					  -3.620310836951799
					],
					[
					  0.0,
					  -0.0,
					  -0.0,
					  1.0
					]
				  ]
				},
				{
				  "file_path": "images/000020.jpg",
				  "transform_matrix": [
					[
					  0.9989591047760075,
					  -0.004409508164614958,
					  0.04540113680144989,
					  0.5678161060158963
					],
					[
					  -0.0037709878646597314,
					  -0.9998929139078938,
					  -0.014140027132433496,
					  2.578032185177999
					],
					[
					  0.04545862553622097,
					  0.0139541017098042,
					  -0.998868758351081,
					  -3.6129008622667835
					],
					[
					  0.0,
					  -0.0,
					  -0.0,
					  1.0
					]
				  ]
				},
				{
				  "file_path": "images/000021.jpg",
				  "transform_matrix": [
					[
					  0.998730660438879,
					  -0.005726494915248272,
					  0.05004273329171793,
					  0.583130385601206
					],
					[
					  -0.004929936430032697,
					  -0.9998594132091594,
					  -0.016026526255908165,
					  2.575285855209357
					],
					[
					  0.0501274737655531,
					  0.01575947565819094,
					  -0.998618483356313,
					  -3.6053551620215627
					],
					[
					  0.0,
					  -0.0,
					  -0.0,
					  1.0
					]
				  ]
				},
				{
				  "file_path": "images/000022.jpg",
				  "transform_matrix": [
					[
					  0.9984518099046786,
					  -0.007365616091683577,
					  0.05513375551929447,
					  0.600424926401785
					],
					[
					  -0.006403144419247943,
					  -0.9998243690170874,
					  -0.017613371657053987,
					  2.571489322140597
					],
					[
					  0.055253805657326946,
					  0.01723307341054377,
					  -0.998323613935486,
					  -3.599277212477188
					],
					[
					  0.0,
					  -0.0,
					  -0.0,
					  1.0
					]
				  ]
				},
				{
				  "file_path": "images/000023.jpg",
				  "transform_matrix": [
					[
					  0.998150867448413,
					  -0.00922389800747007,
					  0.06008132419919145,
					  0.6186245239387071
					],
					[
					  -0.008091111144363252,
					  -0.9997854057233566,
					  -0.019070302122219905,
					  2.5678561104223583
					],
					[
					  0.06024433361263215,
					  0.01854891393400093,
					  -0.9980113015689946,
					  -3.5904418253822645
					],
					[
					  0.0,
					  -0.0,
					  -0.0,
					  1.0
					]
				  ]
				},
				{
				  "file_path": "images/000024.jpg",
				  "transform_matrix": [
					[
					  0.9978128194389104,
					  -0.011019882870065788,
					  0.06517775345087268,
					  0.6378482952697765
					],
					[
					  -0.009720680709579536,
					  -0.9997483616523075,
					  -0.020216867711631333,
					  2.5644450118865865
					],
					[
					  0.06538413974286979,
					  0.0195390776409027,
					  -0.9976688522325571,
					  -3.5818454999249063
					],
					[
					  0.0,
					  -0.0,
					  -0.0,
					  1.0
					]
				  ]
				},
				{
				  "file_path": "images/000025.jpg",
				  "transform_matrix": [
					[
					  0.9974534569316945,
					  -0.012800594931639427,
					  0.07016228348912258,
					  0.6583848239816755
					],
					[
					  -0.01135047672223954,
					  -0.9997144556620622,
					  -0.021027929486397458,
					  2.5623760245248763
					],
					[
					  0.07041141905394191,
					  0.020178005592800606,
					  -0.9973139325995136,
					  -3.57260378677382
					],
					[
					  0.0,
					  -0.0,
					  -0.0,
					  1.0
					]
				  ]
				},
				{
				  "file_path": "images/000026.jpg",
				  "transform_matrix": [
					[
					  0.9970812706511161,
					  -0.014507928389874074,
					  0.07495638552244979,
					  0.6786245950788318
					],
					[
					  -0.01290909922654481,
					  -0.999679642650332,
					  -0.021770788402444115,
					  2.5604526965343046
					],
					[
					  0.07524822173257689,
					  0.020739625945013107,
					  -0.9969491326250031,
					  -3.562004408880751
					],
					[
					  0.0,
					  -0.0,
					  -0.0,
					  1.0
					]
				  ]
				},
				{
				  "file_path": "images/000027.jpg",
				  "transform_matrix": [
					[
					  0.996680606211344,
					  -0.01613653847981852,
					  0.07979587287621724,
					  0.7000723891010507
					],
					[
					  -0.014376662685028642,
					  -0.9996416564849993,
					  -0.022580305355947575,
					  2.5575449427906918
					],
					[
					  0.08013164650891053,
					  0.021358154082604275,
					  -0.9965554417502094,
					  -3.549090930462713
					],
					[
					  0.0,
					  -0.0,
					  -0.0,
					  1.0
					]
				  ]
				},
				{
				  "file_path": "images/000028.jpg",
				  "transform_matrix": [
					[
					  0.9962592498124473,
					  -0.01752918987540882,
					  0.08461816983042918,
					  0.7245922203160248
					],
					[
					  -0.015683855182555762,
					  -0.9996255303882597,
					  -0.022423551962236495,
					  2.5588670178565955
					],
					[
					  0.08497954959725373,
					  0.021012531934594805,
					  -0.9961611062734508,
					  -3.529742842603032
					],
					[
					  0.0,
					  -0.0,
					  -0.0,
					  1.0
					]
				  ]
				},
				{
				  "file_path": "images/000029.jpg",
				  "transform_matrix": [
					[
					  0.9958221253713595,
					  -0.01895409575723717,
					  0.08932545479813521,
					  0.7480152048012354
					],
					[
					  -0.01701227865310021,
					  -0.9996032074536197,
					  -0.022450167559842343,
					  2.5587039069864965
					],
					[
					  0.08971553374916454,
					  0.020836744046544564,
					  -0.9957494429331313,
					  -3.512476086581794
					],
					[
					  0.0,
					  -0.0,
					  -0.0,
					  1.0
					]
				  ]
				},
				{
				  "file_path": "images/000030.jpg",
				  "transform_matrix": [
					[
					  0.9954072646481724,
					  -0.020025710441002757,
					  0.09361275771483463,
					  0.7708677211400262
					],
					[
					  -0.01804018733848938,
					  -0.9995950090561257,
					  -0.022008396372204125,
					  2.557835975313719
					],
					[
					  0.0940155791687496,
					  0.020218525945700234,
					  -0.9953654012884654,
					  -3.4976344441548846
					],
					[
					  0.0,
					  -0.0,
					  -0.0,
					  1.0
					]
				  ]
				},
				{
				  "file_path": "images/000031.jpg",
				  "transform_matrix": [
					[
					  0.9950304207672023,
					  -0.02115880243806126,
					  0.09729731151080873,
					  0.7913986814418835
					],
					[
					  -0.0191303083124634,
					  -0.9995807370478718,
					  -0.0217343375032094,
					  2.5550728134969996
					],
					[
					  0.09771639090610312,
					  0.019764999423739275,
					  -0.9950180157896966,
					  -3.4883676047299277
					],
					[
					  0.0,
					  -0.0,
					  -0.0,
					  1.0
					]
				  ]
				},
				{
				  "file_path": "images/000032.jpg",
				  "transform_matrix": [
					[
					  0.9946611992112879,
					  -0.021708145143404658,
					  0.1008853568066017,
					  0.8131735827596126
					],
					[
					  -0.019700721529467082,
					  -0.9995884518178569,
					  -0.020852063773125894,
					  2.553465068948005
					],
					[
					  0.1012964972483296,
					  0.018753224437759872,
					  -0.9946795143252959,
					  -3.480192092591284
					],
					[
					  0.0,
					  -0.0,
					  -0.0,
					  1.0
					]
				  ]
				},
				{
				  "file_path": "images/000033.jpg",
				  "transform_matrix": [
					[
					  0.9943704280988228,
					  -0.022319099441672853,
					  0.10358238036788123,
					  0.830965911616522
					],
					[
					  -0.020373383068617343,
					  -0.9995962716989237,
					  -0.019804516352353266,
					  2.5508257201745073
					],
					[
					  0.10398258019929629,
					  0.017582701889185585,
					  -0.9944236881779178,
					  -3.475714352514531
					],
					[
					  0.0,
					  -0.0,
					  -0.0,
					  1.0
					]
				  ]
				},
				{
				  "file_path": "images/000034.jpg",
				  "transform_matrix": [
					[
					  0.9941459598907568,
					  -0.022940325921093477,
					  0.1055819675868922,
					  0.8485004256997913
					],
					[
					  -0.02113946324393621,
					  -0.9996118785170115,
					  -0.018144294459958837,
					  2.5501199421081724
					],
					[
					  0.10595722498557529,
					  0.01580613090941075,
					  -0.9942450566631101,
					  -3.473111738110052
					],
					[
					  0.0,
					  -0.0,
					  -0.0,
					  1.0
					]
				  ]
				},
				{
				  "file_path": "images/000035.jpg",
				  "transform_matrix": [
					[
					  0.9939269476992078,
					  -0.02341744482436602,
					  0.10752137422500901,
					  0.8675104945785056
					],
					[
					  -0.021703104508353374,
					  -0.9996184334179306,
					  -0.017086919727739767,
					  2.5453096736194767
					],
					[
					  0.10788047966168927,
					  0.014649602348886615,
					  -0.9940559296432889,
					  -3.4732113891945806
					],
					[
					  0.0,
					  -0.0,
					  -0.0,
					  1.0
					]
				  ]
				},
				{
				  "file_path": "images/000036.jpg",
				  "transform_matrix": [
					[
					  0.9937937701906927,
					  -0.02341668011753513,
					  0.10874558116283056,
					  0.8850145065193369
					],
					[
					  -0.02188485337158469,
					  -0.9996440495920687,
					  -0.015258679761825704,
					  2.54278402130584
					],
					[
					  0.10906418075185352,
					  0.012784099790080876,
					  -0.9939524995036154,
					  -3.4717215025788097
					],
					[
					  0.0,
					  -0.0,
					  -0.0,
					  1.0
					]
				  ]
				},
				{
				  "file_path": "images/000037.jpg",
				  "transform_matrix": [
					[
					  0.993637594412745,
					  -0.02335584441778315,
					  0.11017638359097545,
					  0.904836561162937
					],
					[
					  -0.021970630534171028,
					  -0.9996637804190153,
					  -0.01377016747515412,
					  2.5381312882024463
					],
					[
					  0.11046095402260658,
					  0.011261911467204337,
					  -0.9938166566256176,
					  -3.470339489890007
					],
					[
					  0.0,
					  -0.0,
					  -0.0,
					  1.0
					]
				  ]
				},
				{
				  "file_path": "images/000038.jpg",
				  "transform_matrix": [
					[
					  0.993578532776559,
					  -0.02329196171846821,
					  0.11072119817309485,
					  0.9218759579605208
					],
					[
					  -0.022073028957982393,
					  -0.9996816486780946,
					  -0.01222222111020795,
					  2.5338916109421747
					],
					[
					  0.11097062943950713,
					  0.00969978430441387,
					  -0.9937763498827326,
					  -3.4650730920358694
					],
					[
					  0.0,
					  -0.0,
					  -0.0,
					  1.0
					]
				  ]
				},
				{
				  "file_path": "images/000039.jpg",
				  "transform_matrix": [
					[
					  0.993510567137767,
					  -0.023202068096915406,
					  0.11134817924698494,
					  0.9404059699598897
					],
					[
					  -0.022164016628082303,
					  -0.9996986655666843,
					  -0.010551513213796299,
					  2.5306290782500835
					],
					[
					  0.11155944313460278,
					  0.00801511698086354,
					  -0.9937254392171313,
					  -3.4587720956933503
					],
					[
					  0.0,
					  -0.0,
					  -0.0,
					  1.0
					]
				  ]
				},
				{
				  "file_path": "images/000040.jpg",
				  "transform_matrix": [
					[
					  0.9935361325527089,
					  -0.023012139075806504,
					  0.11115932154957597,
					  0.9556562584621747
					],
					[
					  -0.02218960342766228,
					  -0.9997165214122326,
					  -0.008631240649431073,
					  2.527094455082809
					],
					[
					  0.11132643357230736,
					  0.006108868191494396,
					  -0.9937651165730712,
					  -3.4492404497353437
					],
					[
					  0.0,
					  -0.0,
					  -0.0,
					  1.0
					]
				  ]
				},
				{
				  "file_path": "images/000041.jpg",
				  "transform_matrix": [
					[
					  0.993580553728907,
					  -0.022566735710999465,
					  0.1108531717683725,
					  0.9708707139560728
					],
					[
					  -0.021916231968550817,
					  -0.9997347175683226,
					  -0.0070833088939648865,
					  2.5214064849355204
					],
					[
					  0.11098361152917609,
					  0.004608354146173263,
					  -0.9938115520781616,
					  -3.43825635593725
					],
					[
					  0.0,
					  -0.0,
					  -0.0,
					  1.0
					]
				  ]
				},
				{
				  "file_path": "images/000042.jpg",
				  "transform_matrix": [
					[
					  0.993696521836573,
					  -0.022040319057795493,
					  0.1099156350376408,
					  0.9828990113497592
					],
					[
					  -0.021547471303739286,
					  -0.999751749080428,
					  -0.005669805202956043,
					  2.514123062970135
					],
					[
					  0.11001331269583609,
					  0.0032656617178624782,
					  -0.9939247489036747,
					  -3.4262365703361914
					],
					[
					  0.0,
					  -0.0,
					  -0.0,
					  1.0
					]
				  ]
				},
				{
				  "file_path": "images/000043.jpg",
				  "transform_matrix": [
					[
					  0.9938111037488504,
					  -0.021434391891497994,
					  0.10899567381200823,
					  0.9951364629954628
					],
					[
					  -0.02103416431471494,
					  -0.9997671362031779,
					  -0.00482050823855867,
					  2.505371181462816
					],
					[
					  0.10907361732826862,
					  0.0024980417006375648,
					  -0.9940305356429392,
					  -3.4126164017003
					],
					[
					  0.0,
					  -0.0,
					  -0.0,
					  1.0
					]
				  ]
				},
				{
				  "file_path": "images/000044.jpg",
				  "transform_matrix": [
					[
					  0.9939732221253407,
					  -0.020717211574560832,
					  0.10764771638238817,
					  1.0085206281824508
					],
					[
					  -0.020413854554201787,
					  -0.9997839332251817,
					  -0.003919363089282466,
					  2.4986443165548704
					],
					[
					  0.10770565556185104,
					  0.0016982371332111856,
					  -0.9941813756808319,
					  -3.397110457751481
					],
					[
					  0.0,
					  -0.0,
					  -0.0,
					  1.0
					]
				  ]
				},
				{
				  "file_path": "images/000045.jpg",
				  "transform_matrix": [
					[
					  0.994130920119822,
					  -0.020043500792352054,
					  0.10631073199683672,
					  1.0250120884854597
					],
					[
					  -0.019773909105441828,
					  -0.9997980337489624,
					  -0.003589461017840599,
					  2.4894897999117416
					],
					[
					  0.10636120618160545,
					  0.0014662154329616725,
					  -0.9943264775876675,
					  -3.381807646973583
					],
					[
					  0.0,
					  -0.0,
					  -0.0,
					  1.0
					]
				  ]
				},
				{
				  "file_path": "images/000046.jpg",
				  "transform_matrix": [
					[
					  0.9943781919878129,
					  -0.019261896293825798,
					  0.10412007803595986,
					  1.0404609553367528
					],
					[
					  -0.018994988612994753,
					  -0.9998132604616642,
					  -0.0035545200250213646,
					  2.479483265261595
					],
					[
					  0.10416910149675225,
					  0.0015567774991880365,
					  -0.9945583817640757,
					  -3.3660187789883387
					],
					[
					  0.0,
					  -0.0,
					  -0.0,
					  1.0
					]
				  ]
				},
				{
				  "file_path": "images/000047.jpg",
				  "transform_matrix": [
					[
					  0.9945880411672363,
					  -0.018613591829057936,
					  0.10221625392441823,
					  1.0578888239578097
					],
					[
					  -0.018325823446043044,
					  -0.9998250216254914,
					  -0.003753708381086557,
					  2.4703468740313026
					],
					[
					  0.10226823828610904,
					  0.0018601964431231226,
					  -0.9947551191660431,
					  -3.3485984854587314
					],
					[
					  0.0,
					  -0.0,
					  -0.0,
					  1.0
					]
				  ]
				},
				{
				  "file_path": "images/000048.jpg",
				  "transform_matrix": [
					[
					  0.994796447537107,
					  -0.01833141715119688,
					  0.10021969423611715,
					  1.0750030192794997
					],
					[
					  -0.017933863645617942,
					  -0.99982733248705,
					  -0.004866389479934905,
					  2.4586707118268016
					],
					[
					  0.10029159736634168,
					  0.0030437406359351436,
					  -0.9949534316442398,
					  -3.328230616577199
					],
					[
					  0.0,
					  -0.0,
					  -0.0,
					  1.0
					]
				  ]
				},
				{
				  "file_path": "images/000049.jpg",
				  "transform_matrix": [
					[
					  0.9949971272300362,
					  -0.01811040204240261,
					  0.09824830859530176,
					  1.0907180143097661
					],
					[
					  -0.017610440727866383,
					  -0.9998271983716146,
					  -0.00595363533805469,
					  2.446163393247621
					],
					[
					  0.09833915385717638,
					  0.004193654042808956,
					  -0.9951441222679376,
					  -3.305796994408103
					],
					[
					  0.0,
					  -0.0,
					  -0.0,
					  1.0
					]
				  ]
				},
				{
				  "file_path": "images/000050.jpg",
				  "transform_matrix": [
					[
					  0.9951796390151622,
					  -0.018151141560458692,
					  0.09637438534021356,
					  1.1056610568742529
					],
					[
					  -0.017543613397673942,
					  -0.9998205512172855,
					  -0.00714751652786574,
					  2.4323270842025884
					],
					[
					  0.09648682665838239,
					  0.00542230796020917,
					  -0.9953194918506216,
					  -3.281145717661832
					],
					[
					  0.0,
					  -0.0,
					  -0.0,
					  1.0
					]
				  ]
				},
				{
				  "file_path": "images/000051.jpg",
				  "transform_matrix": [
					[
					  0.9954045903154237,
					  -0.01856976386445756,
					  0.09394075499484637,
					  1.115614277814162
					],
					[
					  -0.017842933401223903,
					  -0.999804062701307,
					  -0.008571227076704855,
					  2.417265540789198
					],
					[
					  0.09408151415991854,
					  0.006855660141754127,
					  -0.9955408924888006,
					  -3.25609880243271
					],
					[
					  0.0,
					  -0.0,
					  -0.0,
					  1.0
					]
				  ]
				},
				{
				  "file_path": "images/000052.jpg",
				  "transform_matrix": [
					[
					  0.9955704080738624,
					  -0.01912924544232617,
					  0.09205234671886665,
					  1.1263676288477198
					],
					[
					  -0.018271789414348795,
					  -0.9997815487036206,
					  -0.010148723239297405,
					  2.4030434099002047
					],
					[
					  0.09222637518216188,
					  0.008421807442432256,
					  -0.9957024499719591,
					  -3.2334720168771134
					],
					[
					  0.0,
					  -0.0,
					  -0.0,
					  1.0
					]
				  ]
				},
				{
				  "file_path": "images/000053.jpg",
				  "transform_matrix": [
					[
					  0.995682535863875,
					  -0.019986234452590106,
					  0.09064677715224716,
					  1.137713479575721
					],
					[
					  -0.018938549118686872,
					  -0.9997437104870065,
					  -0.012403414810110562,
					  2.38906816584706
					],
					[
					  0.09087144289028397,
					  0.010633145069953933,
					  -0.9958058631545404,
					  -3.211197036340555
					],
					[
					  0.0,
					  -0.0,
					  -0.0,
					  1.0
					]
				  ]
				},
				{
				  "file_path": "images/000054.jpg",
				  "transform_matrix": [
					[
					  0.9957502707059761,
					  -0.02080267867504574,
					  0.08971425164887872,
					  1.1490960089996878
					],
					[
					  -0.01953636965015124,
					  -0.9996970672698798,
					  -0.014970101966709882,
					  2.376559446278093
					],
					[
					  0.08999849248664221,
					  0.013153792302748244,
					  -0.9958550341782624,
					  -3.189358044596284
					],
					[
					  0.0,
					  -0.0,
					  -0.0,
					  1.0
					]
				  ]
				},
				{
				  "file_path": "images/000055.jpg",
				  "transform_matrix": [
					[
					  0.9956898603498063,
					  -0.02163373164145105,
					  0.09018693725728004,
					  1.1622655783032194
					],
					[
					  -0.02005988456885819,
					  -0.9996309012295246,
					  -0.018321089982112314,
					  2.3627192033835973
					],
					[
					  0.0905500029136773,
					  0.016432983974745755,
					  -0.9957563226060976,
					  -3.1700712040996986
					],
					[
					  0.0,
					  -0.0,
					  -0.0,
					  1.0
					]
				  ]
				},
				{
				  "file_path": "images/000056.jpg",
				  "transform_matrix": [
					[
					  0.9956238000820004,
					  -0.022988667382937825,
					  0.09058018482115139,
					  1.1725696258181983
					],
					[
					  -0.02107449211245387,
					  -0.999535107771528,
					  -0.022032569399914628,
					  2.35043597617862
					],
					[
					  0.09104457420670062,
					  0.020027219080955432,
					  -0.9956454168042977,
					  -3.1517262806161725
					],
					[
					  0.0,
					  -0.0,
					  -0.0,
					  1.0
					]
				  ]
				},
				{
				  "file_path": "images/000057.jpg",
				  "transform_matrix": [
					[
					  0.9954398334076345,
					  -0.0248800674564317,
					  0.09208974051838936,
					  1.1863303898614401
					],
					[
					  -0.022590211827699148,
					  -0.9994112014276749,
					  -0.025825041925827623,
					  2.342030097451222
					],
					[
					  0.09267804699582613,
					  0.023626948686922757,
					  -0.9954157658490169,
					  -3.1334862736124727
					],
					[
					  0.0,
					  -0.0,
					  -0.0,
					  1.0
					]
				  ]
				},
				{
				  "file_path": "images/000058.jpg",
				  "transform_matrix": [
					[
					  0.995160327559411,
					  -0.0272911418003013,
					  0.09439870778290027,
					  1.200752282635607
					],
					[
					  -0.0245450709502694,
					  -0.9992445723206048,
					  -0.03013012080721712,
					  2.3350341137291277
					],
					[
					  0.09514968178555192,
					  0.027667277911769782,
					  -0.995078418914339,
					  -3.116068903207549
					],
					[
					  0.0,
					  -0.0,
					  -0.0,
					  1.0
					]
				  ]
				},
				{
				  "file_path": "images/000059.jpg",
				  "transform_matrix": [
					[
					  0.9948163436387126,
					  -0.03014968590217518,
					  0.0971155953969456,
					  1.215377427861788
					],
					[
					  -0.02684836922397121,
					  -0.99902228458248,
					  -0.035123211379594184,
					  2.329721280471855
					],
					[
					  0.09807959777301484,
					  0.03233374935887451,
					  -0.9946531662610245,
					  -3.0988070447838156
					],
					[
					  0.0,
					  -0.0,
					  -0.0,
					  1.0
					]
				  ]
				},
				{
				  "file_path": "images/000060.jpg",
				  "transform_matrix": [
					[
					  0.9943770930202368,
					  -0.033774115006524386,
					  0.10036685723957657,
					  1.2301013068315698
					],
					[
					  -0.029829020554246053,
					  -0.9987321103131505,
					  -0.040551218997900304,
					  2.3278136913749523
					],
					[
					  0.10160918467047082,
					  0.03732935821799468,
					  -0.9941237813298879,
					  -3.082232967203902
					],
					[
					  0.0,
					  -0.0,
					  -0.0,
					  1.0
					]
				  ]
				},
				{
				  "file_path": "images/000061.jpg",
				  "transform_matrix": [
					[
					  0.993862135334766,
					  -0.03755411857577388,
					  0.10405644682486456,
					  1.2458657128978996
					],
					[
					  -0.03289542583525999,
					  -0.9983936004480374,
					  -0.04613143769189749,
					  2.3239049841243515
					],
					[
					  0.10562171607645873,
					  0.04242530804132394,
					  -0.9935009543682697,
					  -3.0657945624571745
					],
					[
					  0.0,
					  -0.0,
					  -0.0,
					  1.0
					]
				  ]
				},
				{
				  "file_path": "images/000062.jpg",
				  "transform_matrix": [
					[
					  0.9932047690354696,
					  -0.041837349232429176,
					  0.10859982953211028,
					  1.2665070734134802
					],
					[
					  -0.036390267541600275,
					  -0.99800127377669,
					  -0.051664358781995635,
					  2.318306927223188
					],
					[
					  0.11054426802620933,
					  0.04736131067979193,
					  -0.9927420969502813,
					  -3.0488534115727965
					],
					[
					  0.0,
					  -0.0,
					  -0.0,
					  1.0
					]
				  ]
				},
				{
				  "file_path": "images/000063.jpg",
				  "transform_matrix": [
					[
					  0.9924296141894847,
					  -0.04663707946775287,
					  0.11361533214504456,
					  1.2892133239613583
					],
					[
					  -0.04029499034120208,
					  -0.9975324050030433,
					  -0.05749273625639153,
					  2.3100647790313595
					],
					[
					  0.11601626882947376,
					  0.052479365350231406,
					  -0.991859940505374,
					  -3.032217267571239
					],
					[
					  0.0,
					  -0.0,
					  -0.0,
					  1.0
					]
				  ]
				},
				{
				  "file_path": "images/000064.jpg",
				  "transform_matrix": [
					[
					  0.9915009215745985,
					  -0.05175287140407523,
					  0.11936315519520703,
					  1.3157383846793655
					],
					[
					  -0.04435486206184453,
					  -0.9969748928905013,
					  -0.06382561521402076,
					  2.299731314226197
					],
					[
					  0.12230522772227101,
					  0.057988820020817365,
					  -0.9907970165601007,
					  -3.0167824517224697
					],
					[
					  0.0,
					  -0.0,
					  -0.0,
					  1.0
					]
				  ]
				},
				{
				  "file_path": "images/000065.jpg",
				  "transform_matrix": [
					[
					  0.9904289860851682,
					  -0.05737706289483192,
					  0.1255320523845117,
					  1.346008538634928
					],
					[
					  -0.048899372968927206,
					  -0.9963753853420647,
					  -0.06960562339134548,
					  2.2928704690407646
					],
					[
					  0.12907081329855732,
					  0.06280098835221123,
					  -0.9896447650629161,
					  -3.0025907202650566
					],
					[
					  0.0,
					  -0.0,
					  -0.0,
					  1.0
					]
				  ]
				},
				{
				  "file_path": "images/000066.jpg",
				  "transform_matrix": [
					[
					  0.9892115674083346,
					  -0.06311016763323013,
					  0.13220280498859127,
					  1.3807746251124866
					],
					[
					  -0.053379626531026125,
					  -0.9956856246646214,
					  -0.07589961994391678,
					  2.284562927916824
					],
					[
					  0.13642247020543963,
					  0.06802384565377374,
					  -0.9883125345990089,
					  -2.9894058429563084
					],
					[
					  0.0,
					  -0.0,
					  -0.0,
					  1.0
					]
				  ]
				},
				{
				  "file_path": "images/000067.jpg",
				  "transform_matrix": [
					[
					  0.9878192754352111,
					  -0.06920640726419258,
					  0.1393684048564706,
					  1.419049994016834
					],
					[
					  -0.05805603167570206,
					  -0.9948948400391303,
					  -0.08254546898275694,
					  2.2742479103893842
					],
					[
					  0.14436958220042154,
					  0.07344882883406735,
					  -0.9867941493939755,
					  -2.975759599650367
					],
					[
					  0.0,
					  -0.0,
					  -0.0,
					  1.0
					]
				  ]
				},
				{
				  "file_path": "images/000068.jpg",
				  "transform_matrix": [
					[
					  0.9862730275900808,
					  -0.0756764231432559,
					  0.14676032852422466,
					  1.4597164513733545
					],
					[
					  -0.06306185656674727,
					  -0.9940525176725742,
					  -0.08878510210148895,
					  2.2637845944595605
					],
					[
					  0.15260641301940903,
					  0.07831137266744659,
					  -0.9851794819302164,
					  -2.964391239828969
					],
					[
					  0.0,
					  -0.0,
					  -0.0,
					  1.0
					]
				  ]
				},
				{
				  "file_path": "images/000069.jpg",
				  "transform_matrix": [
					[
					  0.9846305165670362,
					  -0.08229590586359628,
					  0.1540458688930723,
					  1.5025401547581383
					],
					[
					  -0.06816222158610677,
					  -0.9931512818898534,
					  -0.0948917426807387,
					  2.2524331822088888
					],
					[
					  0.16080005408387774,
					  0.08293319696376811,
					  -0.9834965314875241,
					  -2.9534356964422237
					],
					[
					  0.0,
					  -0.0,
					  -0.0,
					  1.0
					]
				  ]
				},
				{
				  "file_path": "images/000070.jpg",
				  "transform_matrix": [
					[
					  0.982902840161751,
					  -0.08921500586301762,
					  0.1610673447065701,
					  1.543445766277395
					],
					[
					  -0.07348089906278828,
					  -0.9921547565575267,
					  -0.10114097346376949,
					  2.240874614270249
					],
					[
					  0.16882702471727587,
					  0.08757637677556852,
					  -0.9817473269410902,
					  -2.945365171818792
					],
					[
					  0.0,
					  -0.0,
					  -0.0,
					  1.0
					]
				  ]
				},
				{
				  "file_path": "images/000071.jpg",
				  "transform_matrix": [
					[
					  0.9810678167978459,
					  -0.09618159589564947,
					  0.16809235394411812,
					  1.583572699145083
					],
					[
					  -0.07878931488263621,
					  -0.9911049664134752,
					  -0.10725292262157084,
					  2.22807537106027
					],
					[
					  0.17691292407236245,
					  0.09197850923726614,
					  -0.9799192676617073,
					  -2.9399120431501515
					],
					[
					  0.0,
					  -0.0,
					  -0.0,
					  1.0
					]
				  ]
				},
				{
				  "file_path": "images/000072.jpg",
				  "transform_matrix": [
					[
					  0.9792252347583272,
					  -0.1031639735959463,
					  0.17457128676960024,
					  1.6199043575619947
					],
					[
					  -0.08413318425889903,
					  -0.9900123622494253,
					  -0.11312440010789393,
					  2.216147630640468
					],
					[
					  0.1844980946214818,
					  0.09608702901644747,
					  -0.9781246014367675,
					  -2.935623242106172
					],
					[
					  0.0,
					  -0.0,
					  -0.0,
					  1.0
					]
				  ]
				},
				{
				  "file_path": "images/000073.jpg",
				  "transform_matrix": [
					[
					  0.9773549543199128,
					  -0.11006904424126844,
					  0.18072658566501787,
					  1.6533642513130888
					],
					[
					  -0.08936808241446792,
					  -0.9888688018474996,
					  -0.11896150040349909,
					  2.205381045851717
					],
					[
					  0.1918088608794761,
					  0.10011642339049344,
					  -0.976312482075085,
					  -2.932416330434969
					],
					[
					  0.0,
					  -0.0,
					  -0.0,
					  1.0
					]
				  ]
				},
				{
				  "file_path": "images/000074.jpg",
				  "transform_matrix": [
					[
					  0.9754231450574526,
					  -0.11702859771477583,
					  0.18669224783889796,
					  1.6845539366972686
					],
					[
					  -0.09454681010766033,
					  -0.9876273640808535,
					  -0.12511231121345043,
					  2.1965177183577085
					],
					[
					  0.19902409096562496,
					  0.10438628758423407,
					  -0.9744192702218529,
					  -2.9295815198586346
					],
					[
					  0.0,
					  -0.0,
					  -0.0,
					  1.0
					]
				  ]
				},
				{
				  "file_path": "images/000075.jpg",
				  "transform_matrix": [
					[
					  0.973476318075217,
					  -0.12388556178526673,
					  0.19234402961326194,
					  1.7121198967619708
					],
					[
					  -0.09954252260493712,
					  -0.9863098918196027,
					  -0.13146894497275494,
					  2.190084932383865
					],
					[
					  0.20599792314526885,
					  0.108835494577608,
					  -0.9724812033041479,
					  -2.9276600916823634
					],
					[
					  0.0,
					  -0.0,
					  -0.0,
					  1.0
